300
6334 18467 41
15724 19169 26500
26962 29358 11478
28145 5705 24464
9961 16827 23281
11942 2995 491
32391 5436 4827
153 3902 14604
17421 12382 292
19895 19718 18716
14771 21726 5447
19912 1869 11538
17035 26299 25667
23811 28703 9894
17673 30333 31322
7711 15141 4664
25547 6868 28253
32757 32662 27644
8723 12859 20037
778 27529 9741
22190 3035 12316
30106 288 1842
19264 8942 9040
23805 27446 22648
24370 6729 15890
31101 15006 15350
19629 3548 24393
19954 24084 12623
4966 11840 18756
26308 13931 7376
24626 32439 16944
21538 5537 11323
22929 2082 16118
31115 4833 16541
22704 29658 4639
2306 13977 9930
5021 22386 31673
19072 26924 28745
26777 5829 6270
16512 5097 15573
9161 13290 23986
24767 22355 18636
4031 15574 23655
1150 27350 12052
13966 21724 16941
30191 31107 3430
15457 11337 18007
10383 27753 12287
32209 8909 14945
18588 24221 9758
27506 24946 6422
29168 16413 13030
18762 32591 900
6359 17410 1655
21548 20537 27624
4041 27595 6483
10291 24350 3602
11020 9374 30836
27348 24021 4596
24484 19668 23199
53 4734 8281
27938 26418 1999
18127 3788 6900
14893 3728 467
17807 22483 24648
6617 14310 2421
14309 9514 22813
17451 18935 7616
16519 5249 20600
30303 22798 31556
5844 11008 6224
32702 14989 32609
3093 20485 3195
1587 30523 14343
7448 9503 29314
6618 13458 25200
14798 19796 20580
20798 19589 15281
20472 27157 28009
12292 18538 23622
18190 24179 6038
6191 7958 29657
19156 22888 19815
2634 16202 11511
20328 20055 24272
4886 26362 22646
29869 28433 18875
1416 23844 20142
10322 31998 21881
5699 10021 18651
27892 28476 3557
10712 5075 24389
21003 2510 2600
14688 17861 26869
15255 9789 13401
10585 5002 16423
27088 10285 24182
23757 28617 31426
4169 30932 9832
17189 25721 2154
2368 31329 19976
10555 21425 28692
7441 16549 3434
18060 30145 9512
16139 3753 21718
25996 16279 12423
22549 12529 16687
12949 19866 17437
3297 23195 193
16105 28286 20416
12455 16282 24488
11701 18114 25734
5786 20671 31316
24355 4313 12263
912 20053 31185
20945 1832 10808
28321 27756 4313
27982 23646 19558
23196 4144 481
2161 7129 20222
11173 20450 5535
21659 12044 10466
17253 26439 26292
29510 26154 20024
13186 20649 4745
28022 4474 8313
18787 14018 2168
7391 17958 9905
26477 3625 10202
25824 9314 4414
24372 25874 29334
28070 11833 20159
7518 28297 7487
32270 17773 8177
17192 2668 1763
8480 3102 13985
4802 7627 29213
2625 30527 4099
11023 1924 1543
14181 13061 29972
17505 27432 31003
13031 22725 27593
17222 142 8492
7900 13064 31286
22413 8360 19187
29170 14270 30974
19711 30833 235
4667 18896 25760
140 12550 7285
21624 2695 13694
26576 2125 28019
26302 22658 21694
4678 22466 17371
25484 23851 22593
21119 28464 1018
18087 2800 23152
9010 1926 31060
20315 32170 4757
12043 30227 9576
5109 7164 22758
29565 17086 7882
14474 29577 3487
5629 25627 2625
28520 25423 31928
123 14962 6902
13261 3737 24596
1264 32525 10195
8116 6202 8260
29011 20326 5030
25547 6411 30771
29790 21520 21153
21763 30188 14924
18662 20851 4940
17713 30900 13829
8365 17578 18958
1200 11477 13007
2303 6439 26058
2324 19357 12760
21113 5108 6477
22850 19801 14887
12993 22428 14460
6540 19405 27384
12835 28704 31111
29350 6072 32356
20556 14485 18823
9357 1626 23216
29337 13357 8526
29361 23869 23271
29617 13022 12896
18696 12717 10112
24423 24041 11585
4565 24229 24129
22296 8932 6559
16962 12053 29855
6654 29734 3584
14369 21457 16972
2607 2963 22532
11635 911 2483
4675 22848 10067
22142 2223 12938
22741 6511 23754
17825 21459 20175
1626 17870 3221
31783 15205 31934
22279 17398 23850
12734 12193 22701
5556 26534 1637
25705 10176 1993
15881 10548 6962
16641 14413 300
13142 24855 19855
30877 27611 11462
1752 32678 20424
12673 28296 18443
875 9313 10040
610 12818 20072
28112 14932 1017
23831 13169 30695
28685 26488 20040
2589 19497 19090
19353 15145 25990
26740 18651 19314
335 11258 22044
7605 11192 8759
28503 12181 25264
20608 23775 3829
17549 5997 29292
31627 25561 29556
26129 29541 6467
29174 27813 31240
20215 6077 20601
23992 8213 8683
23392 5601 25824
26428 2670 15759
10075 4084 28027
24970 15498 18786
32604 23847 6287
22663 21221 503
9010 2363 5706
18240 27489 22171
7619 25542 12164
6704 7591 20913
750 9232 31818
1539 4975 25205
21098 11422 303
13648 13584 11247
22913 17864 2971
28712 21545 11075
1769 18678 17546
13985 8519 15262
2865 15944 28289
25508 23245 18540
9601 27870 28318
24472 21132 28323
28570 25087 27152
17103 29901 29763
11600 3527 14423
5565 14015 26969
25347 21543 28
12637 2943 2088
5049 26463 22409
11342 1588 4681
21221 32060 608
20888 29954 1758
7949 690 14146
25620 21430 12843
4536 27067 748
32226 18035 20783
9853 7038 15185
15748 11224 25629
32257 3359 19923
14955 4944 24766
25411 32726 23318
31001 20355 21025
18584 9496 22549
23342 17964 9515
16142 17913 8075
25072 21948 31196
26173 14606 20426
6705 32404 24429
19375 29812 20626
16036 16565 30093
30814 29141 14736
6652 8256 5994
20482 30838 23936
1131 21015 1355
14625 17841 18230
4186 32637 2011
5662 1650 19690
10353 10893 21634
14008 13452 21416
5454 22233 7262
26303 16634 16303
11124 148 14256
27109 4213 12317
21080 29200 24028
24050 16858 21318
15264 31361 24155
29643 3676 11903
3561 14902 26909